-0.000000000000000000e+00
3.477888571165659641e+02
4.359389943555342484e+02
4.753327006056375694e+02
5.640272665712157050e+02
6.288707303642902389e+02
7.068333391359932421e+02
7.890834078450052402e+02
8.612453245724764201e+02
9.480751477506414631e+02
1.032819528541627506e+03
1.105369914336600459e+03
1.191945120444644317e+03
1.282926430452571367e+03
1.360745679386306847e+03
1.451674593742280422e+03
1.544914047018815154e+03
1.634249744869862070e+03
1.723842950810011416e+03
1.816357325965600694e+03
1.901873947447915043e+03
1.999004230068394008e+03
2.098388776907198462e+03
2.191585687715040876e+03
2.289484902414372300e+03
2.396768807639731222e+03
2.490389787083512601e+03
2.591064569616453809e+03
2.700759282012763833e+03
2.798681023576108601e+03
2.898227580593858875e+03
3.008655228109934797e+03
3.112482753500066792e+03
3.213177656803448826e+03
3.328386086240470831e+03
3.434378310747231353e+03
3.533531814240956010e+03
3.654885281010035214e+03
3.767342929939660280e+03
3.866186640714465284e+03
3.989066719945794830e+03
4.106544828394900833e+03
4.211695114974249009e+03
4.331999957264324621e+03
4.450819215863984937e+03
4.567224051311144649e+03
4.683259331337290860e+03
4.805772895209094713e+03
4.926111819963519338e+03
5.040787279084065631e+03
5.167900802013686189e+03
5.289988696224329033e+03
5.410520660899075665e+03
5.530144664720739456e+03
5.652322786291291777e+03
5.780038714201158655e+03
5.897753497793497445e+03
6.027860366495345261e+03
6.155923483525731172e+03
6.287743379434870803e+03
6.417913264783525847e+03
6.549274953043632195e+03
6.677186369522659334e+03
6.806168289485726746e+03
6.934445635236008457e+03
7.068974613736841093e+03
7.203463307746994360e+03
7.342776158745907196e+03
7.474240843388670328e+03
7.607591380775127618e+03
7.736770303778311245e+03
7.873611079685218101e+03
8.008603126500556755e+03
8.141552837636733784e+03
8.279087259552074102e+03
8.296154809850520905e+03
8.432439911476249108e+03
8.670057844485056194e+03
8.688068984062221716e+03
8.804961925682275250e+03
8.916357181554119961e+03
9.027644999208794616e+03
9.129005041197706305e+03
9.220282164440419365e+03
9.305593563731743416e+03
9.399131742166482582e+03
9.488251188213434943e+03
9.570367393501252081e+03
9.652952148125224994e+03
9.727393845540387701e+03
9.797642532871490403e+03
9.868273648266978853e+03
9.936648893705676528e+03
1.000091210151682935e+04
1.016023798317235378e+04
1.011775039728069896e+04
1.016821086907879362e+04
