-0.000000000000000000e+00
-3.404688794243664773e+01
1.047006035697121007e+01
8.871238794601777045e+01
1.805734726255913927e+02
2.730100037733197382e+02
3.477888571165659641e+02
4.091332954276624605e+02
4.438175440641911109e+02
4.580276587117795657e+02
4.579249242408155851e+02
4.476408438276759512e+02
4.359389943555342484e+02
4.292994062590981343e+02
4.313803616312752638e+02
4.323688235085780320e+02
4.491292224892194440e+02
4.609552082913161826e+02
4.753327006056375694e+02
4.964504035986917074e+02
5.082026796686343459e+02
5.271196877315762777e+02
5.367588158863055696e+02
5.544300247919873073e+02
5.640272665712157050e+02
5.751515354009967496e+02
5.838137852767570166e+02
5.946233900944005200e+02
6.079193943004651146e+02
6.164546364266533374e+02
6.288707303642902389e+02
6.410396251744000438e+02
6.540543273181250470e+02
6.638038285156453640e+02
6.789508513926618889e+02
6.974121414595470014e+02
7.068333391359932421e+02
7.217389051420605028e+02
7.384573437077947347e+02
7.510663760211474482e+02
7.616499750452899207e+02
7.754492971839630400e+02
7.890834078450052402e+02
8.009573266335821700e+02
8.140527201967944393e+02
8.239757223192792708e+02
8.394237144930852992e+02
8.484300752858338228e+02
8.612453245724764201e+02
8.768881207124838966e+02
8.886359097651737784e+02
9.073906800724404320e+02
9.194648479674466444e+02
9.309078429400583445e+02
9.480751477506414631e+02
9.609829787632662601e+02
9.754280215229510986e+02
9.912790580167572898e+02
1.002837940474378001e+03
1.017715348676292024e+03
1.032819528541627506e+03
1.038646235877258732e+03
1.055895129468912501e+03
1.068144628696873497e+03
1.078684526622204430e+03
1.094074798560312274e+03
1.105369914336600459e+03
1.120751172607588160e+03
1.130212785161144211e+03
1.146669654818405888e+03
1.166518112830704695e+03
1.173641450386907309e+03
1.191945120444644317e+03
1.208066787195300549e+03
1.226009269307908198e+03
1.239580237786850603e+03
1.255479154330706024e+03
1.268236602170887409e+03
1.282926430452571367e+03
1.296927649818754617e+03
1.309022128598779091e+03
1.325543786675172441e+03
1.333638070897936814e+03
1.344626902824060608e+03
1.360745679386306847e+03
1.374163378157069474e+03
1.385782432692383509e+03
1.402857265993030069e+03
1.418185477910831423e+03
1.432071038231989633e+03
1.451674593742280422e+03
1.467554978766671411e+03
1.484080277551238851e+03
1.495318956696547957e+03
1.514405263247672110e+03
1.532890806886824976e+03
1.544914047018815154e+03
1.562926386050729889e+03
1.575725317196763172e+03
1.587654453445723902e+03
1.606282109567704310e+03
1.617972027303188952e+03
1.634249744869862070e+03
1.646926779376583227e+03
1.660738868485838339e+03
1.676610205661057535e+03
1.691982895931140774e+03
1.705124578555870812e+03
1.723842950810011416e+03
1.739398877635419240e+03
1.754037438979905801e+03
1.771184281317783416e+03
1.785994233517230214e+03
1.805486562592906012e+03
1.816357325965600694e+03
1.834178255707663538e+03
1.850428919879353089e+03
1.859241005844789697e+03
1.874936975238728337e+03
1.895060590265724841e+03
1.901873947447915043e+03
1.921399380348383602e+03
1.936761501139692427e+03
1.948699733139547106e+03
1.968164909911221457e+03
1.980961662741894315e+03
1.999004230068394008e+03
2.017516826661966206e+03
2.030443020285854118e+03
2.051186862686446602e+03
2.068299278452946055e+03
2.084554296292644722e+03
2.098388776907198462e+03
2.116897921373451027e+03
2.133983215502016719e+03
2.147632559881615634e+03
2.163345810197809897e+03
2.176843982901595609e+03
2.191585687715040876e+03
2.205658873443973789e+03
2.222029531905417571e+03
2.239773200538794754e+03
2.252658480578476883e+03
2.275529093183338318e+03
2.289484902414372300e+03
2.305929745558582908e+03
2.327439460742277333e+03
2.342207160695199491e+03
2.363143180390049110e+03
2.377543685498261766e+03
2.396768807639731222e+03
2.414288740901008623e+03
2.429650522952817028e+03
2.445555933085781817e+03
2.463281723923009395e+03
2.476841520946351466e+03
2.490389787083512601e+03
2.506351635000467468e+03
2.523041900294664629e+03
2.537576687743578532e+03
2.553219169036267431e+03
2.571942121033061085e+03
2.591064569616453809e+03
2.603632498372976897e+03
2.627333783561628479e+03
2.647589538473892844e+03
2.661038521593465248e+03
2.681556527144334268e+03
2.700759282012763833e+03
2.716797249429534077e+03
2.735619272765018650e+03
2.751146716174512221e+03
2.767410916916125643e+03
2.785779253861608595e+03
2.798681023576108601e+03
2.818001886407798793e+03
2.830226272542595780e+03
2.846053130125837470e+03
2.863506541330609252e+03
2.879828460047573117e+03
2.898227580593858875e+03
2.916811750329506140e+03
2.932688635752559094e+03
2.953212647962981464e+03
2.970796450496885882e+03
2.989242631113715106e+03
3.008655228109934797e+03
3.024578194416791121e+03
3.041596197760633459e+03
3.061356444792455932e+03
3.078383940339561832e+03
3.093960734519245761e+03
3.112482753500066792e+03
3.127477071028478349e+03
3.146312231813991730e+03
3.158791119064772374e+03
3.179605331276213747e+03
3.197154837071253496e+03
3.213177656803448826e+03
3.235252798077400712e+03
3.252424394146572922e+03
3.271014163019563512e+03
3.289956548081230721e+03
3.311466733648659101e+03
3.328386086240470831e+03
3.346054630188634746e+03
3.361956064817024981e+03
3.382643622982248417e+03
3.398984042042089641e+03
3.413402199301704513e+03
3.434378310747231353e+03
3.448253215982772417e+03
3.466370059378059068e+03
3.484338147247417965e+03
3.500547163679716050e+03
3.520976506978737689e+03
3.533531814240956010e+03
3.552983971523668060e+03
3.575228577852097260e+03
3.593580764369969984e+03
3.616631227825613678e+03
3.633485311024202474e+03
3.654885281010035214e+03
3.674292732318536309e+03
3.692413677257644395e+03
3.712924587171053190e+03
3.727333818828281437e+03
3.747314185529020051e+03
3.767342929939660280e+03
3.781214501216961708e+03
3.800061613071089596e+03
3.814739106705110771e+03
3.831417068498293247e+03
3.851850049307239715e+03
3.866186640714465284e+03
3.889473711903778167e+03
3.908391020442116769e+03
3.927408272946765464e+03
3.950647591946130433e+03
3.970177764794622817e+03
3.989066719945794830e+03
4.008516440654756025e+03
4.031140648308921300e+03
4.048281234606557064e+03
4.066956811560616188e+03
4.089594831837164747e+03
4.106544828394900833e+03
4.121893569513595139e+03
4.142382921727616122e+03
4.161497770081641647e+03
4.175532277876042826e+03
4.196285357556250347e+03
4.211695114974249009e+03
4.230599037787089401e+03
4.253049246787164520e+03
4.266152015149367799e+03
4.294406268341836039e+03
4.312187923795594543e+03
4.331999957264324621e+03
4.354764424886474444e+03
4.372642808980190239e+03
4.393193317889516038e+03
4.411142650724541454e+03
4.431586813135745615e+03
4.450819215863984937e+03
4.469853900751670153e+03
4.484653012743803629e+03
4.508556750283890324e+03
4.525044307590441349e+03
4.541806000943826803e+03
4.567224051311144649e+03
4.582951590614378802e+03
4.601035185819124308e+03
4.623765828175756724e+03
4.640792480067269935e+03
4.661876222206705279e+03
4.683259331337290860e+03
4.701751665204017627e+03
4.725802539541090482e+03
4.743401064285078064e+03
4.764017925184092746e+03
4.785921584351212914e+03
4.805772895209094713e+03
4.823609426847080613e+03
4.844744979937432618e+03
4.867456463662424540e+03
4.880380628361252093e+03
4.903707075156850806e+03
4.926111819963519338e+03
4.939890056863023347e+03
4.962133892042154912e+03
4.982610124566761442e+03
5.003259049816743754e+03
5.021297143223890089e+03
5.040787279084065631e+03
5.065367797746096585e+03
5.081206474912804879e+03
5.103346252571394871e+03
5.128501935293104907e+03
5.144971385840789480e+03
5.167900802013686189e+03
5.184426329952314518e+03
5.206523535951686426e+03
5.227699915437156960e+03
5.244957870132451717e+03
5.266245382246013833e+03
5.289988696224329033e+03
5.307489964185657300e+03
5.326325253448001604e+03
5.346726036316612408e+03
5.367562383095817495e+03
5.390735182346403235e+03
5.410520660899075665e+03
5.429406856958531534e+03
5.449516014287093640e+03
5.466054459149821923e+03
5.494448696650220882e+03
5.507567702745259339e+03
5.530144664720739456e+03
5.552871967208697242e+03
5.571622288300699438e+03
5.590663244891633440e+03
5.613921773426891377e+03
5.634136703280913025e+03
5.652322786291291777e+03
5.676557949201879637e+03
5.692954404069228985e+03
5.717097961334187858e+03
5.735711545944817772e+03
5.752169367358283125e+03
5.780038714201158655e+03
5.793307569612234147e+03
5.813552838728430288e+03
5.838863422446517689e+03
5.856604764794365110e+03
5.879403457361548135e+03
5.897753497793497445e+03
5.920628335342098580e+03
5.942823884433571038e+03
5.962126428444700650e+03
5.983829959210154811e+03
6.005980365173082646e+03
6.027860366495345261e+03
6.047161797943615056e+03
6.071541545505519025e+03
6.091156731154940644e+03
6.112010947936421871e+03
6.135020649797977057e+03
6.155923483525731172e+03
6.178860227238722473e+03
6.197991558881987658e+03
6.219635411053187454e+03
6.242102684925487665e+03
6.261937225575082266e+03
6.287743379434870803e+03
6.309652044228014347e+03
6.328945319246075087e+03
6.353027807208074591e+03
6.373853879703845450e+03
6.395067687994088374e+03
6.417913264783525847e+03
6.439588897771111988e+03
6.463746743331982543e+03
6.485604113117942688e+03
6.505118177437605482e+03
6.527257293548410416e+03
6.549274953043632195e+03
6.569006538344234286e+03
6.593855434204770972e+03
6.612867081834223427e+03
6.631533646630459771e+03
6.655621674739089030e+03
6.677186369522659334e+03
6.698267629085857152e+03
6.719017766218141333e+03
6.741529668816571757e+03
6.763854577798317223e+03
6.781282526362334465e+03
6.806168289485726746e+03
6.824517282811665609e+03
6.848755309080836014e+03
6.871473892412266650e+03
6.892041150299777655e+03
6.915979138362265076e+03
6.934445635236008457e+03
6.958426163430141060e+03
6.982436045693882988e+03
7.003999187861360952e+03
7.023430897792562973e+03
7.045427262455214986e+03
7.068974613736841093e+03
7.089511293723291601e+03
7.110737122414254372e+03
7.134786640476926550e+03
7.158540215911596533e+03
7.178251233986862644e+03
7.203463307746994360e+03
7.228358875147939216e+03
7.249157052101016234e+03
7.272972547287318775e+03
7.297603320386690029e+03
7.317428634327617146e+03
7.342776158745907196e+03
7.364298751617544440e+03
7.383239119606446366e+03
7.408398759623971273e+03
7.430356532491804501e+03
7.453070645046048412e+03
7.474240843388670328e+03
7.495151812026983862e+03
7.521888358339388105e+03
7.540282451185941682e+03
7.565421594678876318e+03
7.582934658311048224e+03
7.607591380775127618e+03
7.628189240736926877e+03
7.649783980625671575e+03
7.673576023476648515e+03
7.694678078486273080e+03
7.718092443195228043e+03
7.736770303778311245e+03
7.763672247911498744e+03
7.784368824215203858e+03
7.804243150682038504e+03
7.828830874262252109e+03
7.850198287899051138e+03
7.873611079685218101e+03
7.787933351050752208e+03
7.809767785756052945e+03
7.939571281937622189e+03
7.963453825072771906e+03
7.984522768024793550e+03
8.008603126500556755e+03
8.032170112280138710e+03
8.054110186677623460e+03
8.076736650001349517e+03
8.100135775652789562e+03
8.122706905725553042e+03
8.141552837636733784e+03
8.168482282495871914e+03
8.185662694623180869e+03
8.210989160085049662e+03
8.126581901325300350e+03
8.147895422437381967e+03
8.279087259552074102e+03
8.297720282608712296e+03
8.315776360598412793e+03
8.342978997339334455e+03
8.364091254800554452e+03
8.277833384039411612e+03
8.296154809850520905e+03
8.425133592192110882e+03
8.446810121461165181e+03
8.470379877753966866e+03
8.495137518774645287e+03
8.515437033285556026e+03
8.432439911476249108e+03
8.455367808624128884e+03
8.478065201958375837e+03
8.501615723903316393e+03
8.627425701196501905e+03
8.647502473317746990e+03
8.670057844485056194e+03
8.589839703319537875e+03
8.608677613548037698e+03
8.629656526119826594e+03
8.652359003571387802e+03
8.667520706848628834e+03
8.688068984062221716e+03
8.706488760320295114e+03
8.727796255336177637e+03
8.743921309846453369e+03
8.768474208540099426e+03
8.784983613595750285e+03
8.804961925682275250e+03
8.821993886176154774e+03
8.844981705981692357e+03
8.862318356609583134e+03
8.876398458606545319e+03
8.898559357805645050e+03
8.916357181554119961e+03
8.934859772967583922e+03
8.954969704401830313e+03
8.975017325607730527e+03
8.990807104637760858e+03
9.006178419197971380e+03
9.027644999208794616e+03
9.040241817985046509e+03
9.065425111535269025e+03
9.077537513815468628e+03
9.097605386546725640e+03
9.112988477821201741e+03
9.129005041197706305e+03
9.143059231356754026e+03
9.159624369348937762e+03
9.175249975439786795e+03
9.189929282316221361e+03
9.204042705346828370e+03
9.220282164440419365e+03
9.235120440227243307e+03
9.250788050404755268e+03
9.264546243578231952e+03
9.277163193328771740e+03
9.292016608078150966e+03
9.305593563731743416e+03
9.320837961281618846e+03
9.341190254318595180e+03
9.352500122184354041e+03
9.367979742970226653e+03
9.385291525795155394e+03
9.399131742166482582e+03
9.412750511238567924e+03
9.427307421783207246e+03
9.444322078593222614e+03
9.458583507836927311e+03
9.471591535314837529e+03
9.488251188213434943e+03
9.500942012238552707e+03
9.515257305082566745e+03
9.529065566831999604e+03
9.543500296849313600e+03
9.561344674260046304e+03
9.570367393501252081e+03
9.583840350104126628e+03
9.599546166257006917e+03
9.612915973565570312e+03
9.624209927705816881e+03
9.636230140087827749e+03
9.652952148125224994e+03
9.663276008635393737e+03
9.677017484485502791e+03
9.688833894726001745e+03
9.702808843303908361e+03
9.717039803400608434e+03
9.727393845540387701e+03
9.740119389870467785e+03
9.753838071573987690e+03
9.763460440000113522e+03
9.774250646424599836e+03
9.787271674783369235e+03
9.797642532871490403e+03
9.811957152038987260e+03
9.821225812561920975e+03
9.833730838378565750e+03
9.846783935200553969e+03
9.858007202999509900e+03
9.868273648266978853e+03
9.877921774269500020e+03
9.893187706233773497e+03
9.904880322634951881e+03
9.912993451474851099e+03
9.926024289485803820e+03
9.936648893705676528e+03
9.944897435402424890e+03
9.960412559055755992e+03
9.966603679116145940e+03
9.979161406748811714e+03
9.986610004349389783e+03
1.000091210151682935e+04
1.000722463587757738e+04
1.001693992554135912e+04
1.003053685133863473e+04
1.013975501814859308e+04
1.015167395429681710e+04
1.016023798317235378e+04
1.007179154913412458e+04
1.007741923281802337e+04
1.009058864282867398e+04
1.009533714535714898e+04
1.010850427119176675e+04
1.011775039728069896e+04
1.012640457907418022e+04
1.013682381858317058e+04
1.014229145769932802e+04
1.015264832071345154e+04
1.016124309280754642e+04
1.016821086907879362e+04
1.017863916265150874e+04
1.018621205250433741e+04
1.019452388248188618e+04
